[  658.071014] [Project1] 2515 1588093080.632175576 1588093081.668312020
[  660.105901] [Project1] 2516 1588093082.699399561 1588093083.703298299
[  662.155257] [Project1] 2517 1588093084.737209922 1588093085.752749319
[  664.210218] [Project1] 2518 1588093086.796790362 1588093087.807812360
[  666.254756] [Project1] 2519 1588093088.841906699 1588093089.852440451
[  668.306089] [Project1] 2520 1588093090.885071464 1588093091.903875417
[  670.413920] [Project1] 2521 1588093092.964279714 1588093094.11801421
[  672.456353] [Project1] 2522 1588093095.12600002 1588093096.54329598
[  674.443217] [Project1] 2523 1588093097.26634100 1588093098.41282452
[  676.466546] [Project1] 2524 1588093099.54084132 1588093100.64702490
